0 25 6.0
0 68 8.0
0 85 8.0
0 88 5.0
1 96 6.0
1 108 4.0
1 122 7.0
1 152 7.0
2 61 3.0
2 62 7.0
2 79 4.0
2 88 2.0
3 87 3.0
3 88 3.0
3 91 7.0
3 113 5.0
4 39 7.0
4 89 4.0
4 94 5.0
4 120 8.0
5 63 7.0
5 105 1.0
5 136 6.0
5 152 5.0
6 76 1.0
6 88 8.0
6 94 5.0
6 136 3.0
7 92 6.0
7 113 3.0
7 134 6.0
7 159 6.0
8 53 7.0
8 64 6.0
8 68 8.0
8 79 2.0
9 56 8.0
9 77 6.0
9 131 6.0
9 175 7.0
10 97 9.0
10 107 6.0
10 151 5.0
10 155 7.0
11 18 8.0
11 68 6.0
11 77 3.0
11 106 6.0
12 61 1.0
12 110 4.0
12 130 5.0
12 177 5.0
13 50 2.0
13 58 1.0
13 97 6.0
13 121 4.0
13 126 5.0
14 59 5.0
14 68 5.0
14 144 5.0
14 153 6.0
15 34 9.0
15 61 4.0
15 142 3.0
15 144 4.0
15 164 9.0
16 31 3.0
16 55 6.0
16 99 5.0
16 126 5.0
16 129 7.0
17 59 6.0
17 92 8.0
17 147 6.0
17 160 6.0
18 11 8.0
18 51 4.0
18 53 7.0
18 194 3.0
19 44 7.0
19 62 2.0
19 94 4.0
19 114 5.0
20 45 8.0
20 51 5.0
20 87 5.0
20 145 2.0
21 53 3.0
21 79 8.0
21 97 8.0
21 131 3.0
22 29 6.0
22 69 4.0
22 116 5.0
22 118 5.0
23 38 7.0
23 67 6.0
23 92 5.0
23 128 6.0
23 133 3.0
24 43 7.0
24 67 4.0
24 93 4.0
24 112 2.0
25 0 6.0
25 98 8.0
25 135 6.0
25 194 7.0
26 63 7.0
26 116 9.0
26 124 6.0
26 133 7.0
26 151 5.0
27 41 7.0
27 49 4.0
27 56 5.0
27 108 1.0
28 65 8.0
28 69 6.0
28 100 4.0
28 106 5.0
28 153 6.0
29 22 6.0
29 50 5.0
29 127 6.0
29 141 2.0
29 147 5.0
30 62 6.0
30 84 7.0
30 86 4.0
30 124 6.0
30 134 3.0
31 16 3.0
31 57 7.0
31 82 2.0
31 146 2.0
31 179 5.0
32 72 5.0
32 81 4.0
32 111 2.0
32 133 5.0
32 164 4.0
32 196 2.0
33 43 5.0
33 52 6.0
33 93 2.0
33 116 5.0
34 15 9.0
34 42 3.0
34 108 7.0
34 119 7.0
34 150 8.0
34 167 7.0
35 52 5.0
35 64 4.0
35 108 6.0
35 138 6.0
35 148 5.0
36 42 5.0
36 76 7.0
36 100 4.0
36 121 6.0
36 186 6.0
37 39 2.0
37 96 4.0
37 97 6.0
37 105 5.0
37 134 4.0
37 140 2.0
38 23 7.0
38 93 2.0
38 115 8.0
38 199 7.0
39 4 7.0
39 37 2.0
39 70 5.0
39 152 4.0
39 183 6.0
40 58 4.0
40 118 5.0
40 120 6.0
40 173 6.0
41 27 7.0
41 75 4.0
41 110 4.0
41 114 4.0
41 126 4.0
41 168 3.0
41 198 4.0
42 34 3.0
42 36 5.0
42 53 6.0
42 61 6.0
42 64 5.0
43 24 7.0
43 33 5.0
43 54 5.0
43 67 3.0
43 130 4.0
43 153 6.0
43 174 5.0
43 178 7.0
44 19 7.0
44 66 5.0
44 73 4.0
44 118 8.0
45 20 8.0
45 139 4.0
45 155 4.0
45 163 5.0
46 83 8.0
46 84 4.0
46 107 4.0
46 186 6.0
47 70 6.0
47 78 4.0
47 86 6.0
47 160 2.0
48 72 5.0
48 83 7.0
48 127 5.0
48 159 5.0
48 179 7.0
49 27 4.0
49 96 7.0
49 140 3.0
49 143 5.0
49 173 3.0
49 189 5.0
50 13 2.0
50 29 5.0
50 59 3.0
50 143 5.0
51 18 4.0
51 20 5.0
51 109 4.0
51 150 3.0
51 185 5.0
51 199 6.0
52 33 6.0
52 35 5.0
52 130 4.0
52 133 3.0
52 143 2.0
52 176 5.0
53 8 7.0
53 18 7.0
53 21 3.0
53 42 6.0
53 117 4.0
54 43 5.0
54 71 4.0
54 97 5.0
54 117 2.0
54 166 7.0
55 16 6.0
55 91 5.0
55 101 6.0
55 136 2.0
55 160 5.0
56 9 8.0
56 27 5.0
56 74 7.0
56 101 7.0
56 113 2.0
56 145 5.0
57 31 7.0
57 73 1.0
57 100 5.0
57 116 3.0
57 120 3.0
57 182 6.0
57 183 4.0
58 13 1.0
58 40 4.0
58 68 8.0
58 81 5.0
59 14 5.0
59 17 6.0
59 50 3.0
59 146 5.0
59 189 7.0
59 192 6.0
60 71 8.0
60 80 4.0
60 96 5.0
60 125 4.0
60 143 7.0
60 182 6.0
60 191 7.0
61 2 3.0
61 12 1.0
61 15 4.0
61 42 6.0
61 92 7.0
61 98 3.0
61 156 3.0
61 164 6.0
61 193 5.0
61 197 5.0
62 2 7.0
62 19 2.0
62 30 6.0
62 82 7.0
62 87 3.0
62 149 5.0
63 5 7.0
63 26 7.0
63 128 4.0
63 135 3.0
64 8 6.0
64 35 4.0
64 42 5.0
64 65 4.0
64 78 5.0
65 28 8.0
65 64 4.0
65 95 3.0
65 96 6.0
65 152 4.0
66 44 5.0
66 80 1.0
66 126 3.0
66 148 6.0
66 163 3.0
67 23 6.0
67 24 4.0
67 43 3.0
67 71 8.0
67 110 2.0
67 145 3.0
67 163 3.0
68 0 8.0
68 8 8.0
68 11 6.0
68 14 5.0
68 58 8.0
68 129 4.0
68 146 7.0
68 151 8.0
69 22 4.0
69 28 6.0
69 80 6.0
69 89 5.0
69 120 4.0
69 156 5.0
69 161 8.0
70 39 5.0
70 47 6.0
70 90 6.0
70 157 6.0
70 190 3.0
71 54 4.0
71 60 8.0
71 67 8.0
71 81 4.0
71 97 6.0
71 188 3.0
72 32 5.0
72 48 5.0
72 94 9.0
72 179 6.0
73 44 4.0
73 57 1.0
73 90 6.0
73 104 3.0
73 132 1.0
74 56 7.0
74 78 4.0
74 118 6.0
74 168 7.0
75 41 4.0
75 76 5.0
75 160 5.0
75 165 7.0
75 191 5.0
76 6 1.0
76 36 7.0
76 75 5.0
76 86 6.0
76 140 1.0
76 160 7.0
77 9 6.0
77 11 3.0
77 149 8.0
77 185 7.0
77 191 5.0
77 194 2.0
78 47 4.0
78 64 5.0
78 74 4.0
78 100 5.0
79 2 4.0
79 8 2.0
79 21 8.0
79 84 5.0
79 98 4.0
79 146 4.0
79 195 5.0
80 60 4.0
80 66 1.0
80 69 6.0
80 94 6.0
80 197 3.0
81 32 4.0
81 58 5.0
81 71 4.0
81 88 6.0
81 169 8.0
82 31 2.0
82 62 7.0
82 90 6.0
82 95 7.0
82 139 8.0
82 160 1.0
83 46 8.0
83 48 7.0
83 107 7.0
83 123 8.0
83 174 2.0
83 182 4.0
84 30 7.0
84 46 4.0
84 79 5.0
84 115 5.0
85 0 8.0
85 118 7.0
85 151 4.0
85 153 5.0
86 30 4.0
86 47 6.0
86 76 6.0
86 95 7.0
86 102 3.0
86 171 5.0
87 3 3.0
87 20 5.0
87 62 3.0
87 92 5.0
87 119 2.0
87 128 6.0
88 0 5.0
88 2 2.0
88 3 3.0
88 6 8.0
88 81 6.0
88 145 8.0
88 167 5.0
88 178 4.0
88 186 4.0
88 198 7.0
89 4 4.0
89 69 5.0
89 97 3.0
89 110 8.0
89 114 6.0
89 190 3.0
89 199 9.0
90 70 6.0
90 73 6.0
90 82 6.0
90 127 7.0
91 3 7.0
91 55 5.0
91 92 8.0
91 161 6.0
92 7 6.0
92 17 8.0
92 23 5.0
92 61 7.0
92 87 5.0
92 91 8.0
92 178 2.0
93 24 4.0
93 33 2.0
93 38 2.0
93 96 4.0
93 136 4.0
93 167 4.0
93 172 2.0
94 4 5.0
94 6 5.0
94 19 4.0
94 72 9.0
94 80 6.0
94 111 6.0
94 130 3.0
94 159 8.0
94 171 5.0
94 180 4.0
94 196 2.0
95 65 3.0
95 82 7.0
95 86 7.0
95 109 7.0
95 119 5.0
95 165 8.0
95 176 8.0
96 1 6.0
96 37 4.0
96 49 7.0
96 60 5.0
96 65 6.0
96 93 4.0
96 98 5.0
96 117 4.0
96 141 4.0
96 149 5.0
96 157 2.0
96 158 5.0
96 162 4.0
97 10 9.0
97 13 6.0
97 21 8.0
97 37 6.0
97 54 5.0
97 71 6.0
97 89 3.0
97 118 5.0
97 122 3.0
97 123 6.0
97 128 3.0
97 137 4.0
97 149 6.0
98 25 8.0
98 61 3.0
98 79 4.0
98 96 5.0
98 99 5.0
98 120 2.0
98 144 6.0
98 156 4.0
98 184 6.0
99 16 5.0
99 98 5.0
99 135 4.0
99 147 5.0
99 174 9.0
100 28 4.0
100 36 4.0
100 57 5.0
100 78 5.0
100 116 5.0
100 121 3.0
100 150 5.0
100 169 3.0
101 55 6.0
101 56 7.0
101 115 9.0
101 148 5.0
101 187 7.0
101 199 6.0
102 86 3.0
102 113 6.0
102 135 3.0
102 150 8.0
102 176 5.0
102 194 7.0
103 122 7.0
103 142 2.0
103 168 7.0
103 188 4.0
103 191 6.0
103 194 6.0
104 73 3.0
104 109 7.0
104 124 8.0
104 155 9.0
104 187 8.0
104 196 2.0
104 198 5.0
105 5 1.0
105 37 5.0
105 112 6.0
105 125 5.0
105 175 4.0
106 11 6.0
106 28 5.0
106 118 3.0
106 177 3.0
107 10 6.0
107 46 4.0
107 83 7.0
107 122 8.0
108 1 4.0
108 27 1.0
108 34 7.0
108 35 6.0
108 125 5.0
108 134 6.0
109 51 4.0
109 95 7.0
109 104 7.0
109 182 7.0
109 183 6.0
110 12 4.0
110 41 4.0
110 67 2.0
110 89 8.0
110 112 3.0
110 162 3.0
110 179 3.0
111 32 2.0
111 94 6.0
111 132 5.0
111 148 6.0
111 158 4.0
111 171 7.0
111 173 3.0
111 195 2.0
112 24 2.0
112 105 6.0
112 110 3.0
112 127 5.0
112 129 3.0
112 172 3.0
113 3 5.0
113 7 3.0
113 56 2.0
113 102 6.0
113 119 7.0
113 121 2.0
114 19 5.0
114 41 4.0
114 89 6.0
114 137 8.0
114 154 9.0
115 38 8.0
115 84 5.0
115 101 9.0
115 175 7.0
115 184 5.0
116 22 5.0
116 26 9.0
116 33 5.0
116 57 3.0
116 100 5.0
116 157 8.0
116 166 5.0
116 169 5.0
117 53 4.0
117 54 2.0
117 96 4.0
117 120 6.0
117 161 5.0
117 188 4.0
118 22 5.0
118 40 5.0
118 44 8.0
118 74 6.0
118 85 7.0
118 97 5.0
118 106 3.0
118 129 3.0
118 195 4.0
119 34 7.0
119 87 2.0
119 95 5.0
119 113 7.0
119 174 7.0
120 4 8.0
120 40 6.0
120 57 3.0
120 69 4.0
120 98 2.0
120 117 6.0
121 13 4.0
121 36 6.0
121 100 3.0
121 113 2.0
122 1 7.0
122 97 3.0
122 103 7.0
122 107 8.0
122 131 4.0
122 138 6.0
122 169 2.0
123 83 8.0
123 97 6.0
123 127 7.0
123 158 3.0
123 180 7.0
123 181 2.0
124 26 6.0
124 30 6.0
124 104 8.0
124 144 5.0
124 197 6.0
125 60 4.0
125 105 5.0
125 108 5.0
125 165 6.0
125 192 6.0
125 198 4.0
126 13 5.0
126 16 5.0
126 41 4.0
126 66 3.0
127 29 6.0
127 48 5.0
127 90 7.0
127 112 5.0
127 123 7.0
127 138 6.0
128 23 6.0
128 63 4.0
128 87 6.0
128 97 3.0
128 158 5.0
129 16 7.0
129 68 4.0
129 112 3.0
129 118 3.0
129 195 2.0
130 12 5.0
130 43 4.0
130 52 4.0
130 94 3.0
130 170 6.0
130 193 8.0
131 9 6.0
131 21 3.0
131 122 4.0
131 141 6.0
131 172 6.0
132 73 1.0
132 111 5.0
132 161 4.0
132 175 5.0
133 23 3.0
133 26 7.0
133 32 5.0
133 52 3.0
133 154 4.0
134 7 6.0
134 30 3.0
134 37 4.0
134 108 6.0
135 25 6.0
135 63 3.0
135 99 4.0
135 102 3.0
135 137 6.0
135 197 5.0
136 5 6.0
136 6 3.0
136 55 2.0
136 93 4.0
136 188 4.0
137 97 4.0
137 114 8.0
137 135 6.0
137 165 3.0
138 35 6.0
138 122 6.0
138 127 6.0
138 154 8.0
139 45 4.0
139 82 8.0
139 148 5.0
139 193 7.0
139 194 4.0
140 37 2.0
140 49 3.0
140 76 1.0
140 142 5.0
141 29 2.0
141 96 4.0
141 131 6.0
141 181 8.0
142 15 3.0
142 103 2.0
142 140 5.0
142 156 6.0
142 157 5.0
143 49 5.0
143 50 5.0
143 52 2.0
143 60 7.0
143 190 3.0
144 14 5.0
144 15 4.0
144 98 6.0
144 124 5.0
144 187 6.0
145 20 2.0
145 56 5.0
145 67 3.0
145 88 8.0
145 155 5.0
145 172 3.0
145 196 5.0
146 31 2.0
146 59 5.0
146 68 7.0
146 79 4.0
146 159 7.0
146 167 2.0
147 17 6.0
147 29 5.0
147 99 5.0
147 152 4.0
148 35 5.0
148 66 6.0
148 101 5.0
148 111 6.0
148 139 5.0
148 170 4.0
149 62 5.0
149 77 8.0
149 96 5.0
149 97 6.0
150 34 8.0
150 51 3.0
150 100 5.0
150 102 8.0
150 180 4.0
151 10 5.0
151 26 5.0
151 68 8.0
151 85 4.0
152 1 7.0
152 5 5.0
152 39 4.0
152 65 4.0
152 147 4.0
152 186 6.0
152 189 6.0
153 14 6.0
153 28 6.0
153 43 6.0
153 85 5.0
154 114 9.0
154 133 4.0
154 138 8.0
154 162 7.0
154 185 3.0
155 10 7.0
155 45 4.0
155 104 9.0
155 145 5.0
155 180 3.0
156 61 3.0
156 69 5.0
156 98 4.0
156 142 6.0
156 162 7.0
156 170 6.0
157 70 6.0
157 96 2.0
157 116 8.0
157 142 5.0
157 193 2.0
158 96 5.0
158 111 4.0
158 123 3.0
158 128 5.0
158 166 5.0
159 7 6.0
159 48 5.0
159 94 8.0
159 146 7.0
159 171 7.0
160 17 6.0
160 47 2.0
160 55 5.0
160 75 5.0
160 76 7.0
160 82 1.0
161 69 8.0
161 91 6.0
161 117 5.0
161 132 4.0
161 181 7.0
162 96 4.0
162 110 3.0
162 154 7.0
162 156 7.0
162 170 8.0
163 45 5.0
163 66 3.0
163 67 3.0
163 176 3.0
163 185 6.0
164 15 9.0
164 32 4.0
164 61 6.0
164 177 8.0
165 75 7.0
165 95 8.0
165 125 6.0
165 137 3.0
166 54 7.0
166 116 5.0
166 158 5.0
166 178 4.0
167 34 7.0
167 88 5.0
167 93 4.0
167 146 2.0
167 192 6.0
168 41 3.0
168 74 7.0
168 103 7.0
168 173 1.0
168 184 9.0
169 81 8.0
169 100 3.0
169 116 5.0
169 122 2.0
170 130 6.0
170 148 4.0
170 156 6.0
170 162 8.0
171 86 5.0
171 94 5.0
171 111 7.0
171 159 7.0
171 181 2.0
172 93 2.0
172 112 3.0
172 131 6.0
172 145 3.0
173 40 6.0
173 49 3.0
173 111 3.0
173 168 1.0
174 43 5.0
174 83 2.0
174 99 9.0
174 119 7.0
175 9 7.0
175 105 4.0
175 115 7.0
175 132 5.0
176 52 5.0
176 95 8.0
176 102 5.0
176 163 3.0
177 12 5.0
177 106 3.0
177 164 8.0
177 187 2.0
178 43 7.0
178 88 4.0
178 92 2.0
178 166 4.0
179 31 5.0
179 48 7.0
179 72 6.0
179 110 3.0
180 94 4.0
180 123 7.0
180 150 4.0
180 155 3.0
181 123 2.0
181 141 8.0
181 161 7.0
181 171 2.0
182 57 6.0
182 60 6.0
182 83 4.0
182 109 7.0
183 39 6.0
183 57 4.0
183 109 6.0
183 192 5.0
184 98 6.0
184 115 5.0
184 168 9.0
184 189 5.0
184 190 6.0
185 51 5.0
185 77 7.0
185 154 3.0
185 163 6.0
186 36 6.0
186 46 6.0
186 88 4.0
186 152 6.0
187 101 7.0
187 104 8.0
187 144 6.0
187 177 2.0
188 71 3.0
188 103 4.0
188 117 4.0
188 136 4.0
189 49 5.0
189 59 7.0
189 152 6.0
189 184 5.0
190 70 3.0
190 89 3.0
190 143 3.0
190 184 6.0
191 60 7.0
191 75 5.0
191 77 5.0
191 103 6.0
192 59 6.0
192 125 6.0
192 167 6.0
192 183 5.0
193 61 5.0
193 130 8.0
193 139 7.0
193 157 2.0
194 18 3.0
194 25 7.0
194 77 2.0
194 102 7.0
194 103 6.0
194 139 4.0
195 79 5.0
195 111 2.0
195 118 4.0
195 129 2.0
196 32 2.0
196 94 2.0
196 104 2.0
196 145 5.0
197 61 5.0
197 80 3.0
197 124 6.0
197 135 5.0
198 41 4.0
198 88 7.0
198 104 5.0
198 125 4.0
199 38 7.0
199 51 6.0
199 89 9.0
199 101 6.0
