0 25 1.0
0 62 1.0
0 76 1.0
0 89 1.0
0 142 1.0
1 67 1.0
1 83 1.0
1 84 1.0
1 90 1.0
1 118 1.0
2 111 1.0
2 120 1.0
2 150 1.0
2 157 1.0
2 169 1.0
3 24 1.0
3 79 1.0
3 100 1.0
3 111 1.0
3 134 1.0
4 33 1.0
4 89 1.0
4 100 1.0
4 105 1.0
4 137 1.0
4 166 1.0
5 11 1.0
5 65 1.0
5 117 1.0
5 140 1.0
5 148 1.0
6 48 1.0
6 68 1.0
6 109 1.0
6 119 1.0
6 141 1.0
6 182 1.0
7 37 1.0
7 65 1.0
7 71 1.0
7 88 1.0
7 111 1.0
8 52 1.0
8 76 1.0
8 148 1.0
8 150 1.0
8 154 1.0
9 100 1.0
9 103 1.0
9 121 1.0
9 128 1.0
9 134 1.0
10 53 1.0
10 84 1.0
10 117 1.0
10 132 1.0
10 140 1.0
11 5 1.0
11 51 1.0
11 88 1.0
11 110 1.0
11 157 1.0
12 40 1.0
12 60 1.0
12 103 1.0
12 143 1.0
12 183 1.0
13 49 1.0
13 57 1.0
13 88 1.0
13 96 1.0
13 117 1.0
13 149 1.0
14 29 1.0
14 57 1.0
14 83 1.0
14 109 1.0
14 150 1.0
14 156 1.0
14 160 1.0
15 39 1.0
15 47 1.0
15 72 1.0
15 79 1.0
15 116 1.0
15 180 1.0
16 20 1.0
16 77 1.0
16 91 1.0
16 109 1.0
16 192 1.0
17 31 1.0
17 79 1.0
17 84 1.0
17 103 1.0
17 160 1.0
18 64 1.0
18 66 1.0
18 68 1.0
18 75 1.0
18 111 1.0
18 113 1.0
18 142 1.0
18 148 1.0
18 165 1.0
19 24 1.0
19 85 1.0
19 102 1.0
19 129 1.0
19 197 1.0
20 16 1.0
20 26 1.0
20 51 1.0
20 103 1.0
20 113 1.0
20 166 1.0
20 167 1.0
21 34 1.0
21 49 1.0
21 57 1.0
21 83 1.0
21 98 1.0
21 168 1.0
21 172 1.0
22 26 1.0
22 49 1.0
22 58 1.0
22 67 1.0
22 90 1.0
22 142 1.0
23 24 1.0
23 88 1.0
23 100 1.0
23 108 1.0
23 131 1.0
24 3 1.0
24 19 1.0
24 23 1.0
24 25 1.0
24 67 1.0
24 130 1.0
24 132 1.0
25 0 1.0
25 24 1.0
25 68 1.0
25 77 1.0
25 101 1.0
25 123 1.0
25 173 1.0
25 177 1.0
26 20 1.0
26 22 1.0
26 32 1.0
26 37 1.0
26 80 1.0
27 61 1.0
27 74 1.0
27 99 1.0
27 119 1.0
27 153 1.0
27 170 1.0
28 50 1.0
28 60 1.0
28 74 1.0
28 125 1.0
28 146 1.0
28 160 1.0
29 14 1.0
29 65 1.0
29 92 1.0
29 143 1.0
29 198 1.0
30 70 1.0
30 85 1.0
30 89 1.0
30 113 1.0
30 118 1.0
30 178 1.0
31 17 1.0
31 78 1.0
31 80 1.0
31 99 1.0
31 152 1.0
31 170 1.0
31 177 1.0
32 26 1.0
32 68 1.0
32 70 1.0
32 73 1.0
32 84 1.0
32 175 1.0
33 4 1.0
33 40 1.0
33 61 1.0
33 82 1.0
33 87 1.0
33 90 1.0
34 21 1.0
34 66 1.0
34 84 1.0
34 103 1.0
34 149 1.0
34 152 1.0
35 42 1.0
35 81 1.0
35 85 1.0
35 116 1.0
35 132 1.0
35 146 1.0
35 192 1.0
36 52 1.0
36 77 1.0
36 89 1.0
36 108 1.0
36 114 1.0
36 187 1.0
37 7 1.0
37 26 1.0
37 94 1.0
37 129 1.0
37 131 1.0
37 166 1.0
38 79 1.0
38 82 1.0
38 94 1.0
38 102 1.0
38 172 1.0
38 185 1.0
39 15 1.0
39 77 1.0
39 78 1.0
39 135 1.0
39 141 1.0
40 12 1.0
40 33 1.0
40 69 1.0
40 111 1.0
40 126 1.0
40 158 1.0
41 66 1.0
41 91 1.0
41 112 1.0
41 150 1.0
41 163 1.0
41 184 1.0
42 35 1.0
42 43 1.0
42 48 1.0
42 52 1.0
42 112 1.0
43 42 1.0
43 97 1.0
43 100 1.0
43 139 1.0
43 148 1.0
43 163 1.0
44 62 1.0
44 68 1.0
44 71 1.0
44 72 1.0
44 94 1.0
44 137 1.0
45 49 1.0
45 56 1.0
45 63 1.0
45 97 1.0
45 172 1.0
45 187 1.0
46 76 1.0
46 136 1.0
46 138 1.0
46 142 1.0
46 147 1.0
47 15 1.0
47 51 1.0
47 125 1.0
47 154 1.0
47 155 1.0
48 6 1.0
48 42 1.0
48 55 1.0
48 64 1.0
48 114 1.0
48 159 1.0
48 166 1.0
48 186 1.0
49 13 1.0
49 21 1.0
49 22 1.0
49 45 1.0
49 73 1.0
50 28 1.0
50 72 1.0
50 73 1.0
50 97 1.0
50 107 1.0
50 124 1.0
50 193 1.0
50 198 1.0
51 11 1.0
51 20 1.0
51 47 1.0
51 99 1.0
51 121 1.0
51 126 1.0
51 199 1.0
52 8 1.0
52 36 1.0
52 42 1.0
52 62 1.0
52 107 1.0
52 168 1.0
52 171 1.0
52 180 1.0
53 10 1.0
53 54 1.0
53 113 1.0
53 123 1.0
53 124 1.0
53 133 1.0
53 153 1.0
54 53 1.0
54 118 1.0
54 133 1.0
54 151 1.0
54 155 1.0
55 48 1.0
55 82 1.0
55 98 1.0
55 139 1.0
55 164 1.0
55 169 1.0
56 45 1.0
56 85 1.0
56 96 1.0
56 102 1.0
56 131 1.0
56 145 1.0
56 149 1.0
57 13 1.0
57 14 1.0
57 21 1.0
57 59 1.0
57 115 1.0
57 186 1.0
58 22 1.0
58 103 1.0
58 148 1.0
58 152 1.0
58 154 1.0
58 178 1.0
59 57 1.0
59 81 1.0
59 118 1.0
59 126 1.0
59 143 1.0
59 146 1.0
59 152 1.0
60 12 1.0
60 28 1.0
60 86 1.0
60 92 1.0
60 108 1.0
60 117 1.0
60 161 1.0
61 27 1.0
61 33 1.0
61 75 1.0
61 83 1.0
61 144 1.0
61 159 1.0
61 163 1.0
62 0 1.0
62 44 1.0
62 52 1.0
62 65 1.0
62 74 1.0
62 130 1.0
62 165 1.0
63 45 1.0
63 64 1.0
63 65 1.0
63 74 1.0
63 122 1.0
63 164 1.0
63 165 1.0
64 18 1.0
64 48 1.0
64 63 1.0
64 90 1.0
64 98 1.0
64 149 1.0
64 151 1.0
65 5 1.0
65 7 1.0
65 29 1.0
65 62 1.0
65 63 1.0
65 122 1.0
66 18 1.0
66 34 1.0
66 41 1.0
66 100 1.0
66 127 1.0
67 1 1.0
67 22 1.0
67 24 1.0
67 72 1.0
67 75 1.0
67 81 1.0
67 162 1.0
67 195 1.0
68 6 1.0
68 18 1.0
68 25 1.0
68 32 1.0
68 44 1.0
68 96 1.0
68 103 1.0
68 114 1.0
68 124 1.0
68 127 1.0
68 145 1.0
68 164 1.0
69 40 1.0
69 113 1.0
69 121 1.0
69 146 1.0
69 159 1.0
70 30 1.0
70 32 1.0
70 71 1.0
70 138 1.0
70 156 1.0
70 167 1.0
70 175 1.0
71 7 1.0
71 44 1.0
71 70 1.0
71 135 1.0
71 150 1.0
71 154 1.0
71 176 1.0
71 185 1.0
72 15 1.0
72 44 1.0
72 50 1.0
72 67 1.0
72 107 1.0
72 109 1.0
72 114 1.0
72 196 1.0
73 32 1.0
73 49 1.0
73 50 1.0
73 100 1.0
73 112 1.0
73 186 1.0
74 27 1.0
74 28 1.0
74 62 1.0
74 63 1.0
74 97 1.0
74 120 1.0
74 122 1.0
74 128 1.0
74 129 1.0
74 136 1.0
74 158 1.0
74 172 1.0
74 177 1.0
75 18 1.0
75 61 1.0
75 67 1.0
75 84 1.0
75 121 1.0
75 137 1.0
75 179 1.0
76 0 1.0
76 8 1.0
76 46 1.0
76 82 1.0
76 84 1.0
76 124 1.0
76 181 1.0
76 195 1.0
77 16 1.0
77 25 1.0
77 36 1.0
77 39 1.0
77 93 1.0
77 98 1.0
77 119 1.0
77 129 1.0
77 146 1.0
77 153 1.0
77 157 1.0
77 197 1.0
78 31 1.0
78 39 1.0
78 85 1.0
78 140 1.0
78 165 1.0
78 182 1.0
78 195 1.0
79 3 1.0
79 15 1.0
79 17 1.0
79 38 1.0
79 117 1.0
79 158 1.0
79 178 1.0
79 190 1.0
80 26 1.0
80 31 1.0
80 102 1.0
80 120 1.0
80 155 1.0
80 175 1.0
80 181 1.0
81 35 1.0
81 59 1.0
81 67 1.0
81 101 1.0
81 116 1.0
81 129 1.0
81 145 1.0
81 197 1.0
81 198 1.0
81 199 1.0
82 33 1.0
82 38 1.0
82 55 1.0
82 76 1.0
82 125 1.0
82 136 1.0
82 169 1.0
82 173 1.0
83 1 1.0
83 14 1.0
83 21 1.0
83 61 1.0
83 153 1.0
83 196 1.0
84 1 1.0
84 10 1.0
84 17 1.0
84 32 1.0
84 34 1.0
84 75 1.0
84 76 1.0
84 104 1.0
84 115 1.0
85 19 1.0
85 30 1.0
85 35 1.0
85 56 1.0
85 78 1.0
85 125 1.0
85 138 1.0
85 141 1.0
85 176 1.0
86 60 1.0
86 89 1.0
86 106 1.0
86 130 1.0
86 153 1.0
86 174 1.0
86 194 1.0
87 33 1.0
87 102 1.0
87 155 1.0
87 183 1.0
87 189 1.0
87 196 1.0
88 7 1.0
88 11 1.0
88 13 1.0
88 23 1.0
88 112 1.0
88 116 1.0
88 133 1.0
88 145 1.0
88 167 1.0
89 0 1.0
89 4 1.0
89 30 1.0
89 36 1.0
89 86 1.0
89 110 1.0
89 156 1.0
89 194 1.0
89 195 1.0
90 1 1.0
90 22 1.0
90 33 1.0
90 64 1.0
90 92 1.0
90 136 1.0
90 139 1.0
90 164 1.0
90 171 1.0
90 183 1.0
91 16 1.0
91 41 1.0
91 94 1.0
91 102 1.0
91 138 1.0
91 178 1.0
92 29 1.0
92 60 1.0
92 90 1.0
92 96 1.0
92 106 1.0
92 184 1.0
93 77 1.0
93 95 1.0
93 96 1.0
93 99 1.0
93 132 1.0
93 139 1.0
93 161 1.0
94 37 1.0
94 38 1.0
94 44 1.0
94 91 1.0
94 121 1.0
94 123 1.0
94 134 1.0
94 146 1.0
94 171 1.0
94 176 1.0
94 178 1.0
94 179 1.0
94 181 1.0
94 188 1.0
94 191 1.0
95 93 1.0
95 120 1.0
95 143 1.0
95 159 1.0
95 165 1.0
95 177 1.0
95 182 1.0
96 13 1.0
96 56 1.0
96 68 1.0
96 92 1.0
96 93 1.0
96 156 1.0
96 168 1.0
96 172 1.0
97 43 1.0
97 45 1.0
97 50 1.0
97 74 1.0
97 105 1.0
97 160 1.0
97 174 1.0
98 21 1.0
98 55 1.0
98 64 1.0
98 77 1.0
98 106 1.0
98 188 1.0
99 27 1.0
99 31 1.0
99 51 1.0
99 93 1.0
99 104 1.0
99 185 1.0
99 195 1.0
100 3 1.0
100 4 1.0
100 9 1.0
100 23 1.0
100 43 1.0
100 66 1.0
100 73 1.0
100 108 1.0
100 180 1.0
100 187 1.0
100 188 1.0
100 194 1.0
101 25 1.0
101 81 1.0
101 137 1.0
101 147 1.0
101 161 1.0
101 191 1.0
101 194 1.0
102 19 1.0
102 38 1.0
102 56 1.0
102 80 1.0
102 87 1.0
102 91 1.0
102 128 1.0
102 133 1.0
103 9 1.0
103 12 1.0
103 17 1.0
103 20 1.0
103 34 1.0
103 58 1.0
103 68 1.0
103 122 1.0
103 168 1.0
103 193 1.0
104 84 1.0
104 99 1.0
104 118 1.0
104 128 1.0
104 144 1.0
104 146 1.0
104 199 1.0
105 4 1.0
105 97 1.0
105 113 1.0
105 115 1.0
105 162 1.0
105 185 1.0
105 190 1.0
105 192 1.0
106 86 1.0
106 92 1.0
106 98 1.0
106 109 1.0
106 110 1.0
106 118 1.0
107 50 1.0
107 52 1.0
107 72 1.0
107 110 1.0
107 112 1.0
107 126 1.0
108 23 1.0
108 36 1.0
108 60 1.0
108 100 1.0
108 198 1.0
109 6 1.0
109 14 1.0
109 16 1.0
109 72 1.0
109 106 1.0
109 173 1.0
110 11 1.0
110 89 1.0
110 106 1.0
110 107 1.0
110 158 1.0
110 163 1.0
110 167 1.0
110 170 1.0
111 2 1.0
111 3 1.0
111 7 1.0
111 18 1.0
111 40 1.0
111 115 1.0
111 140 1.0
111 144 1.0
111 161 1.0
111 170 1.0
111 173 1.0
111 179 1.0
112 41 1.0
112 42 1.0
112 73 1.0
112 88 1.0
112 107 1.0
112 147 1.0
112 159 1.0
113 18 1.0
113 20 1.0
113 30 1.0
113 53 1.0
113 69 1.0
113 105 1.0
113 162 1.0
113 171 1.0
113 184 1.0
114 36 1.0
114 48 1.0
114 68 1.0
114 72 1.0
114 143 1.0
114 196 1.0
115 57 1.0
115 84 1.0
115 105 1.0
115 111 1.0
115 131 1.0
115 182 1.0
115 192 1.0
116 15 1.0
116 35 1.0
116 81 1.0
116 88 1.0
116 123 1.0
117 5 1.0
117 10 1.0
117 13 1.0
117 60 1.0
117 79 1.0
117 181 1.0
118 1 1.0
118 30 1.0
118 54 1.0
118 59 1.0
118 104 1.0
118 106 1.0
118 141 1.0
118 190 1.0
119 6 1.0
119 27 1.0
119 77 1.0
119 134 1.0
119 151 1.0
119 154 1.0
120 2 1.0
120 74 1.0
120 80 1.0
120 95 1.0
120 122 1.0
120 186 1.0
121 9 1.0
121 51 1.0
121 69 1.0
121 75 1.0
121 94 1.0
121 169 1.0
122 63 1.0
122 65 1.0
122 74 1.0
122 103 1.0
122 120 1.0
123 25 1.0
123 53 1.0
123 94 1.0
123 116 1.0
123 131 1.0
123 149 1.0
123 191 1.0
123 198 1.0
124 50 1.0
124 53 1.0
124 68 1.0
124 76 1.0
124 140 1.0
124 144 1.0
124 170 1.0
124 183 1.0
125 28 1.0
125 47 1.0
125 82 1.0
125 85 1.0
125 189 1.0
126 40 1.0
126 51 1.0
126 59 1.0
126 107 1.0
126 132 1.0
126 135 1.0
127 66 1.0
127 68 1.0
127 148 1.0
127 152 1.0
127 174 1.0
127 189 1.0
128 9 1.0
128 74 1.0
128 102 1.0
128 104 1.0
128 146 1.0
128 157 1.0
129 19 1.0
129 37 1.0
129 74 1.0
129 77 1.0
129 81 1.0
130 24 1.0
130 62 1.0
130 86 1.0
130 148 1.0
130 163 1.0
131 23 1.0
131 37 1.0
131 56 1.0
131 115 1.0
131 123 1.0
131 141 1.0
132 10 1.0
132 24 1.0
132 35 1.0
132 93 1.0
132 126 1.0
132 136 1.0
132 179 1.0
133 53 1.0
133 54 1.0
133 88 1.0
133 102 1.0
133 177 1.0
133 193 1.0
134 3 1.0
134 9 1.0
134 94 1.0
134 119 1.0
134 155 1.0
134 164 1.0
134 186 1.0
135 39 1.0
135 71 1.0
135 126 1.0
135 150 1.0
135 151 1.0
136 46 1.0
136 74 1.0
136 82 1.0
136 90 1.0
136 132 1.0
136 194 1.0
137 4 1.0
137 44 1.0
137 75 1.0
137 101 1.0
137 147 1.0
137 199 1.0
138 46 1.0
138 70 1.0
138 85 1.0
138 91 1.0
138 179 1.0
139 43 1.0
139 55 1.0
139 90 1.0
139 93 1.0
139 175 1.0
139 199 1.0
140 5 1.0
140 10 1.0
140 78 1.0
140 111 1.0
140 124 1.0
140 162 1.0
141 6 1.0
141 39 1.0
141 85 1.0
141 118 1.0
141 131 1.0
142 0 1.0
142 18 1.0
142 22 1.0
142 46 1.0
142 147 1.0
143 12 1.0
143 29 1.0
143 59 1.0
143 95 1.0
143 114 1.0
143 169 1.0
144 61 1.0
144 104 1.0
144 111 1.0
144 124 1.0
144 192 1.0
145 56 1.0
145 68 1.0
145 81 1.0
145 88 1.0
145 176 1.0
145 181 1.0
145 183 1.0
146 28 1.0
146 35 1.0
146 59 1.0
146 69 1.0
146 77 1.0
146 94 1.0
146 104 1.0
146 128 1.0
147 46 1.0
147 101 1.0
147 112 1.0
147 137 1.0
147 142 1.0
148 5 1.0
148 8 1.0
148 18 1.0
148 43 1.0
148 58 1.0
148 127 1.0
148 130 1.0
149 13 1.0
149 34 1.0
149 56 1.0
149 64 1.0
149 123 1.0
149 166 1.0
149 168 1.0
149 174 1.0
149 191 1.0
150 2 1.0
150 8 1.0
150 14 1.0
150 41 1.0
150 71 1.0
150 135 1.0
150 158 1.0
151 54 1.0
151 64 1.0
151 119 1.0
151 135 1.0
151 188 1.0
151 193 1.0
152 31 1.0
152 34 1.0
152 58 1.0
152 59 1.0
152 127 1.0
153 27 1.0
153 53 1.0
153 77 1.0
153 83 1.0
153 86 1.0
153 184 1.0
154 8 1.0
154 47 1.0
154 58 1.0
154 71 1.0
154 119 1.0
154 167 1.0
155 47 1.0
155 54 1.0
155 80 1.0
155 87 1.0
155 134 1.0
155 189 1.0
156 14 1.0
156 70 1.0
156 89 1.0
156 96 1.0
156 187 1.0
157 2 1.0
157 11 1.0
157 77 1.0
157 128 1.0
157 197 1.0
158 40 1.0
158 74 1.0
158 79 1.0
158 110 1.0
158 150 1.0
158 188 1.0
159 48 1.0
159 61 1.0
159 69 1.0
159 95 1.0
159 112 1.0
160 14 1.0
160 17 1.0
160 28 1.0
160 97 1.0
160 161 1.0
161 60 1.0
161 93 1.0
161 101 1.0
161 111 1.0
161 160 1.0
162 67 1.0
162 105 1.0
162 113 1.0
162 140 1.0
162 162 1.0
162 185 1.0
163 41 1.0
163 43 1.0
163 61 1.0
163 110 1.0
163 130 1.0
164 55 1.0
164 63 1.0
164 68 1.0
164 90 1.0
164 134 1.0
164 197 1.0
165 18 1.0
165 62 1.0
165 63 1.0
165 78 1.0
165 95 1.0
165 180 1.0
166 4 1.0
166 20 1.0
166 37 1.0
166 48 1.0
166 149 1.0
166 182 1.0
166 193 1.0
167 20 1.0
167 70 1.0
167 88 1.0
167 110 1.0
167 154 1.0
167 171 1.0
168 21 1.0
168 52 1.0
168 96 1.0
168 103 1.0
168 149 1.0
168 191 1.0
169 2 1.0
169 55 1.0
169 82 1.0
169 121 1.0
169 143 1.0
169 174 1.0
170 27 1.0
170 31 1.0
170 110 1.0
170 111 1.0
170 124 1.0
171 52 1.0
171 90 1.0
171 94 1.0
171 113 1.0
171 167 1.0
172 21 1.0
172 38 1.0
172 45 1.0
172 74 1.0
172 96 1.0
172 175 1.0
173 25 1.0
173 82 1.0
173 109 1.0
173 111 1.0
173 176 1.0
174 86 1.0
174 97 1.0
174 127 1.0
174 149 1.0
174 169 1.0
175 32 1.0
175 70 1.0
175 80 1.0
175 139 1.0
175 172 1.0
176 71 1.0
176 85 1.0
176 94 1.0
176 145 1.0
176 173 1.0
177 25 1.0
177 31 1.0
177 74 1.0
177 95 1.0
177 133 1.0
177 180 1.0
178 30 1.0
178 58 1.0
178 79 1.0
178 91 1.0
178 94 1.0
179 75 1.0
179 94 1.0
179 111 1.0
179 132 1.0
179 138 1.0
180 15 1.0
180 52 1.0
180 100 1.0
180 165 1.0
180 177 1.0
181 76 1.0
181 80 1.0
181 94 1.0
181 117 1.0
181 145 1.0
182 6 1.0
182 78 1.0
182 95 1.0
182 115 1.0
182 166 1.0
183 12 1.0
183 87 1.0
183 90 1.0
183 124 1.0
183 145 1.0
184 41 1.0
184 92 1.0
184 113 1.0
184 153 1.0
184 187 1.0
185 38 1.0
185 71 1.0
185 99 1.0
185 105 1.0
185 162 1.0
186 48 1.0
186 57 1.0
186 73 1.0
186 120 1.0
186 134 1.0
187 36 1.0
187 45 1.0
187 100 1.0
187 156 1.0
187 184 1.0
187 190 1.0
187 196 1.0
188 94 1.0
188 98 1.0
188 100 1.0
188 151 1.0
188 158 1.0
189 87 1.0
189 125 1.0
189 127 1.0
189 155 1.0
189 190 1.0
190 79 1.0
190 105 1.0
190 118 1.0
190 187 1.0
190 189 1.0
191 94 1.0
191 101 1.0
191 123 1.0
191 149 1.0
191 168 1.0
192 16 1.0
192 35 1.0
192 105 1.0
192 115 1.0
192 144 1.0
193 50 1.0
193 103 1.0
193 133 1.0
193 151 1.0
193 166 1.0
194 86 1.0
194 89 1.0
194 100 1.0
194 101 1.0
194 136 1.0
195 67 1.0
195 76 1.0
195 78 1.0
195 89 1.0
195 99 1.0
196 72 1.0
196 83 1.0
196 87 1.0
196 114 1.0
196 187 1.0
197 19 1.0
197 77 1.0
197 81 1.0
197 157 1.0
197 164 1.0
198 29 1.0
198 50 1.0
198 81 1.0
198 108 1.0
198 123 1.0
199 51 1.0
199 81 1.0
199 104 1.0
199 137 1.0
199 139 1.0
