Nodes, Bi-Links, Alowed Stagnation, Total path generations, Failed path generations, Successfull path generations, Straight improvements, Reached stagnation, Path evaluations, Best cost
200, 517, 100, 5194800, 5168382, 26418, 9, 101, 888, 805.0
200, 517, 100, 3120000, 3103672, 16328, 2, 101, 832, 882.0
200, 517, 100, 3329400, 3312395, 17005, 8, 101, 716, 752.0
200, 517, 100, 5065200, 5039070, 26130, 6, 101, 1206, 875.0
200, 517, 100, 3868800, 3848712, 20088, 9, 101, 930, 839.0
200, 517, 100, 8131200, 8090208, 40992, 7, 101, 1008, 817.0
200, 517, 100, 3175200, 3158694, 16506, 5, 101, 882, 808.0
200, 517, 100, 5220600, 5194266, 26334, 7, 101, 693, 776.0
200, 517, 100, 5428000, 5399916, 28084, 5, 101, 1416, 844.0
200, 517, 100, 7124000, 7086462, 37538, 7, 101, 2192, 824.0
