Nodes, Bi-Links, Population, AlowedStagnation, TargetSpecies, MaxSpecies, Species at end, Generation reached, Ok crossovers, Invalid crossovers, Improvements, Path evaluations, Best cost
200, 517, 70, 50, 5, 10, 7, 100, 1471, 9317, 12, 19165, 880.0
200, 517, 70, 50, 5, 10, 6, 100, 1594, 9834, 9, 19318, 899.0
200, 517, 70, 50, 5, 10, 6, 100, 1576, 9604, 8, 19342, 883.0
200, 517, 70, 50, 5, 10, 7, 100, 1682, 9154, 9, 19064, 874.0
200, 517, 70, 50, 5, 10, 7, 100, 1672, 9296, 10, 19060, 886.0
200, 517, 70, 50, 5, 10, 7, 100, 1632, 9420, 8, 19061, 862.0
200, 517, 70, 50, 5, 10, 7, 100, 1630, 9362, 11, 19104, 902.0
200, 517, 70, 50, 5, 10, 7, 100, 1491, 9869, 10, 19152, 872.0
200, 517, 70, 50, 5, 10, 6, 100, 1540, 9620, 11, 19291, 874.0
200, 517, 70, 50, 5, 10, 7, 84, 1381, 7819, 9, 16020, 901.0
