Nodes, Bi-Links, Alowed Stagnation, Total path generations, Failed path generations, Successfull path generations, Global improvements, Straight improvements, Deteriorations, Reached stagnation, Reached temp, Path evaluations, Best cost
200, 517, 100, 8482400, 8439627, 42773, 3, 6, 276, 28, 0.008977364229164094, 318, 717.0
200, 517, 100, 6169200, 6138036, 31164, 0, 0, 318, 29, 0.008977364229164094, 318, 505.0
200, 517, 100, 10604000, 10550107, 53893, 2, 3, 188, 28, 0.008977364229164094, 318, 868.0
200, 517, 100, 9902000, 9851854, 50146, 2, 2, 234, 28, 0.008977364229164094, 318, 849.0
200, 517, 100, 9356600, 9309499, 47101, 5, 6, 312, 28, 0.008977364229164094, 318, 786.0
200, 517, 100, 9251000, 9204317, 46683, 4, 4, 287, 28, 0.008977364229164094, 318, 775.0
200, 517, 100, 9547000, 9496181, 50819, 7, 8, 109, 26, 0.008977364229164094, 318, 803.0
200, 517, 100, 9068000, 9021403, 46597, 4, 5, 147, 28, 0.008977364229164094, 318, 742.0
200, 517, 100, 10150400, 10098393, 52007, 5, 5, 154, 28, 0.008977364229164094, 318, 866.0
200, 517, 100, 8767600, 8723126, 44474, 3, 3, 235, 28, 0.008977364229164094, 318, 708.0
