Nodes, Bi-Links, Ants, AlowedStagnation, Iteration reached, Improvements, Path evaluations, Best cost
200, 517, 10, 30, 100, 22, 1001, 953.0
200, 517, 10, 30, 76, 12, 771, 926.0
200, 517, 10, 30, 100, 16, 1001, 959.0
200, 517, 10, 30, 100, 23, 1001, 967.0
200, 517, 10, 30, 100, 23, 1001, 953.0
200, 517, 10, 30, 100, 24, 1001, 1023.0
200, 517, 10, 30, 100, 20, 1001, 1014.0
200, 517, 10, 30, 76, 12, 771, 926.0
200, 517, 10, 30, 100, 22, 1001, 1013.0
200, 517, 10, 30, 76, 12, 771, 926.0
