Nodes, Bi-Links, Ants, AlowedStagnation, Iteration reached, Improvements, Path evaluations, Best cost
200, 517, 10, 30, 100, 19, 1001, 980.0
200, 517, 10, 30, 100, 23, 1001, 1029.0
200, 517, 10, 30, 100, 26, 1001, 1004.0
200, 517, 10, 30, 100, 18, 1001, 991.0
200, 517, 10, 30, 100, 25, 1001, 1001.0
200, 517, 10, 30, 100, 16, 1001, 996.0
200, 517, 10, 30, 100, 19, 1001, 1005.0
200, 517, 10, 30, 89, 9, 901, 959.0
200, 517, 10, 30, 47, 8, 481, 911.0
200, 517, 10, 30, 100, 11, 1001, 1005.0
