Nodes, Bi-Links, Ants, AlowedStagnation, Iteration reached, Improvements, Path evaluations, Best cost
200, 517, 10, 30, 100, 19, 1001, 999.0
200, 517, 10, 30, 100, 22, 1001, 1046.0
200, 517, 10, 30, 100, 17, 1001, 1043.0
200, 517, 10, 30, 100, 15, 1001, 1013.0
200, 517, 10, 30, 100, 17, 1001, 985.0
200, 517, 10, 30, 60, 9, 611, 903.0
200, 517, 10, 30, 100, 14, 1001, 959.0
200, 517, 10, 30, 100, 19, 1001, 959.0
200, 517, 10, 30, 100, 10, 1001, 971.0
200, 517, 10, 30, 100, 12, 1001, 988.0
