Nodes, Bi-Links, Ants, AlowedStagnation, Iteration reached, Improvements, Path evaluations, Best cost
200, 517, 10, 30, 83, 8, 841, 903.0
200, 517, 10, 30, 100, 18, 1001, 952.0
200, 517, 10, 30, 100, 18, 1001, 1024.0
200, 517, 10, 30, 100, 18, 1001, 970.0
200, 517, 10, 30, 100, 18, 1001, 983.0
200, 517, 10, 30, 100, 14, 1001, 971.0
200, 517, 10, 30, 100, 13, 1001, 937.0
200, 517, 10, 30, 100, 20, 1001, 987.0
200, 517, 10, 30, 100, 17, 1001, 974.0
200, 517, 10, 30, 100, 18, 1001, 989.0
