Nodes, Bi-Links, Ants, AlowedStagnation, Iteration reached, Improvements, Path evaluations, Best cost
200, 517, 10, 30, 100, 18, 1001, 1026.0
200, 517, 10, 30, 100, 19, 1001, 1021.0
200, 517, 10, 30, 100, 24, 1001, 1035.0
200, 517, 10, 30, 40, 8, 411, 935.0
200, 517, 10, 30, 100, 20, 1001, 1026.0
200, 517, 10, 30, 100, 19, 1001, 1001.0
200, 517, 10, 30, 100, 18, 1001, 1026.0
200, 517, 10, 30, 86, 10, 871, 918.0
200, 517, 10, 30, 100, 16, 1001, 952.0
200, 517, 10, 30, 100, 15, 1001, 1003.0
