Nodes, Bi-Links, Ants, AlowedStagnation, Iteration reached, Improvements, Path evaluations, Best cost
200, 517, 10, 30, 100, 14, 1001, 981.0
200, 517, 10, 30, 100, 20, 1001, 977.0
200, 517, 10, 30, 100, 16, 1001, 986.0
200, 517, 10, 30, 100, 17, 1001, 1000.0
200, 517, 10, 30, 100, 18, 1001, 983.0
200, 517, 10, 30, 100, 15, 1001, 968.0
200, 517, 10, 30, 100, 13, 1001, 943.0
200, 517, 10, 30, 100, 18, 1001, 1045.0
200, 517, 10, 30, 100, 15, 1001, 915.0
200, 517, 10, 30, 100, 20, 1001, 954.0
