Nodes, Bi-Links, Ants, AlowedStagnation, Iteration reached, Improvements, Path evaluations, Best cost
200, 517, 10, 30, 100, 13, 1001, 1000.0
200, 517, 10, 30, 100, 17, 1001, 969.0
200, 517, 10, 30, 72, 9, 731, 918.0
200, 517, 10, 30, 100, 17, 1001, 979.0
200, 517, 10, 30, 100, 18, 1001, 983.0
200, 517, 10, 30, 100, 16, 1001, 995.0
200, 517, 10, 30, 100, 12, 1001, 1000.0
200, 517, 10, 30, 100, 18, 1001, 975.0
200, 517, 10, 30, 100, 17, 1001, 994.0
200, 517, 10, 30, 98, 14, 991, 1000.0
