Nodes, Bi-Links, Ants, AlowedStagnation, Iteration reached, Improvements, Path evaluations, Best cost
200, 517, 10, 30, 100, 19, 1001, 979.0
200, 517, 10, 30, 100, 21, 1001, 1049.0
200, 517, 10, 30, 100, 20, 1001, 998.0
200, 517, 10, 30, 83, 13, 841, 953.0
200, 517, 10, 30, 100, 19, 1001, 997.0
200, 517, 10, 30, 100, 18, 1001, 951.0
200, 517, 10, 30, 100, 19, 1001, 996.0
200, 517, 10, 30, 100, 20, 1001, 1013.0
200, 517, 10, 30, 50, 8, 511, 925.0
200, 517, 10, 30, 100, 20, 1001, 1028.0
